-3.642400225756001891e-02
2.840994657211654006e-02
1.810860250109825719e-03
-1.086829114480298702e-01
7.028867783087150434e-02
-8.711244103991499371e-03
-8.060037380175083185e-03
2.415603795480189900e-02
3.312607955531931755e-03
4.025203852942877553e-02
2.950050718538394651e-02
6.680586538227553314e-03
2.335196015164156004e-04
9.549988734592751438e-02
-1.498618061278072199e-02
-5.395025020601065466e-03
5.504105156113528463e-02
-5.775686045258555251e-02
5.862497558976927786e-02
1.538340467721589723e-04
-1.330098761214674324e-02
-3.515432970251094330e-02
6.635808552782136716e-02
4.135222881698546668e-03
-2.063374384161965197e-02
-6.454168821499516040e-02
-4.724895986806099124e-02
9.183820369740711143e-02
-1.094629150654661751e-02
7.203959335853019064e-02
-6.992828727059308136e-02
-1.384506420949429065e-02
-5.470593889586634895e-02
-2.205195412258176280e-02
-7.703257947755144663e-02
-2.538622884526470225e-02
-4.430035360066600369e-02
-4.497683821949192973e-02
9.292635689210224309e-04
5.072671673765506012e-02
-9.791212075540643711e-02
-1.102332890086131327e-02
6.573697153615912225e-02
1.912453313862329946e-02
1.369821167658197237e-03
-2.628901080989004893e-03
5.416210304037603895e-02
7.016421429068181448e-02
-6.689734728802423924e-02
7.633683551014684709e-02
7.216814951029285052e-02
3.299258819548338967e-02
8.191843547010381477e-02
2.154639622239160231e-03
-1.581072147380521362e-02
-6.716697816812536434e-04
-8.489039369765045279e-03
2.565706343465230799e-02
5.539614580055457482e-02
-6.784346278695160826e-02
-5.616209009352843978e-02
7.946455371932351075e-02
-8.852078090473050262e-03
1.027389949929366220e-01
4.507169051124190057e-02
-4.184093478716933989e-03
-3.959481325918146749e-02
-7.074055029689864382e-02
-9.567948077142364449e-02
-2.447863204349469066e-02
-5.045361917480946368e-02
-6.129287685163012020e-03
1.531286731304648714e-02
-4.292186572614740264e-02
-9.211746425179788422e-02
-9.293598656639152911e-02
4.217315855015144749e-02
-5.061693845075660586e-02
-1.231587193234756974e-02
1.178166575114660414e-01
-1.733365446266385904e-02
3.073719810599204530e-02
1.012897290123913885e-01
-4.832507596989440296e-02
-5.532247879224113990e-04
2.424751986055059816e-02
-9.044984540674193274e-02
-1.347335878192588432e-01
-2.388135149569856411e-02
-4.507433867167146696e-02
4.869942955789238054e-02
-1.204438733994544208e-01
4.001129667219528729e-03
3.762506338329758143e-02
2.845173935853224575e-02
-2.799105574053036352e-02
4.432057591667363204e-03
-9.635933577625084567e-02
3.568998033485530630e-02
1.238207594308676773e-02
-8.656090144499317685e-02
8.977263856234441938e-03
1.578062874165103366e-02
7.924258972695429060e-02
1.918231118435933386e-02
-3.601498184212045123e-02
8.181804611563747720e-02
6.808901948132969895e-02
6.901828305025071997e-02
6.281605058234598915e-02
3.083421707445712853e-02
-2.731457112170444096e-02
-7.315567260866437382e-02
1.100431029413987370e-02
-2.340492336023361486e-02
1.374041372415492346e-01
2.918706128726602372e-02
-8.342668320567121765e-02
-7.517020046999366156e-02
-3.644109492942359391e-02
6.625167762692418805e-02
-1.934577490542083167e-02
-4.457094744819636856e-02
7.727356207664209942e-02
-4.345583116549114888e-02
-4.604910245160959842e-02
-5.371745283006589683e-02
3.921684854332505715e-03
2.924772823528886539e-03
-4.546698864081917535e-02
6.130346949334836149e-02
5.689476386183264789e-02
1.313294979579782487e-02
-7.446867869801546136e-02
-6.733068263104440010e-02
5.105918124249442247e-02
1.361154460797787125e-01
-4.191074992576702268e-02
-1.134616373141133887e-02
-4.349170170221892257e-02
5.366135997733053470e-02
5.912355197609970442e-02
-1.603822252889080049e-02
5.137190491504064344e-02
8.816953853502693117e-02
3.458136408229538217e-02
1.564196865414029525e-01
-6.734609010990734446e-02
1.231714786419091240e-01
-4.765003580221188056e-02
6.543508124718841468e-02
-6.555400772466171699e-02
1.862619749415010554e-03
-4.754868348031661418e-02
-1.916545925435298933e-02
7.999611174009491066e-02
-7.702944983340741236e-02
1.176401937301139455e-01
-2.523359850777871088e-02
3.117510754429965100e-02
1.108199769146909902e-01
-1.126190408137963533e-02
-1.224653827746435136e-02
-3.040449285929545248e-02
-5.994472245112289661e-04
-3.387767563360209039e-02
-1.211894509313063244e-02
-1.545153462281294125e-02
-1.829638114974033170e-02
-1.024597344385457355e-03
-8.167408248501188683e-02
6.037083553842609307e-02
-8.889176410672720852e-02
-6.411677883697818048e-02
5.484099507777421764e-03
-4.976134189014901066e-03
6.800524131501246849e-02
3.577423998488700463e-02
1.620529737781079282e-01
-1.372204512044801206e-01
3.627498304793253837e-03
-2.621678825272004930e-03
2.951880356653368426e-02
-5.103679224977170775e-02
-5.629916850703715198e-02
-7.578553665708232488e-03
5.712082046577483113e-02
-1.634877952472191254e-03
3.091342114548691761e-02
-5.125105250270945573e-02
-4.032426108659881636e-04
1.013547293138444133e-01
-4.048074329380047659e-02
8.161100811841673353e-02
3.223292726498331543e-03
3.020154747364768230e-02
-3.819369565008293600e-03
1.118005184992026946e-02
-6.706227953441484813e-02
-3.192237026915218864e-03
4.162161895522967919e-02
1.514218133626799023e-02
1.560970202301530281e-02
-3.331843229924883604e-02
3.849370815256722422e-02
-5.716535770936302663e-02
4.237899283808604228e-02
-1.078855744168727704e-01
-6.812248259948515405e-02
5.078329107410491094e-02
7.259811446731175011e-02
3.040810398715396504e-02
1.136325640327491143e-01
1.539038619107565078e-02
-9.750045217953722280e-04
2.549937751816440650e-03
9.600544524611771824e-02
8.374686987579167685e-02
-2.959133908811811819e-02
-8.425965003169888501e-03
5.594840762104805187e-02
1.330652467486311864e-02
-2.238465936927835475e-03
1.014100999410080944e-01
2.513778324859981123e-02
6.962254511190662035e-03
-6.235936327917417088e-02
8.020596641704529073e-02
-2.867524409878775826e-02
8.915778385897014935e-02
3.483245783938985346e-02
3.616207511689005505e-02
-7.005371377821167922e-02
-5.776841606173275384e-02
-5.268394803696281603e-02
3.164359119847589413e-02
-8.890596787630397277e-03
2.441765213105746499e-02
-6.263862383356495755e-02
3.080773547016143685e-02
1.269804963070563786e-01
1.992837019992571568e-02
-6.049842872275975995e-03
3.529420072156355670e-02
-5.352895195585212484e-02
8.869170762336624214e-02
7.274978183736881265e-02
-4.495131958262518074e-02
-6.090046762433962146e-02
-1.180357326015483641e-02
5.408410267863240917e-02
-3.884129124604084743e-02
-3.206151906263311757e-02
5.465658681513349548e-02
7.150755385404433673e-02
-2.499381961797421739e-02
-3.153797774570758772e-02
-4.057535484369321349e-02
2.691686557355481985e-02
-8.832866890265823889e-02
6.173150851550939650e-02
-2.535011756667969116e-02
3.729332110402992090e-02
2.381322155010150154e-02
3.589701833207606385e-02
2.337844175593793011e-02
-2.048713205056450215e-02
-1.567229490589602857e-03
1.010865428848863740e-01
6.012768626262031402e-02
1.885153187252060769e-01
3.913547779558009670e-02
9.869120955378524185e-02
-2.764005411268403295e-02
-2.597773158848723160e-02
8.512632071773921019e-03
7.675331892316067384e-02
9.907634837698726590e-03
-6.090768988005658933e-03
-9.017780710806817812e-02
-7.633924292871917261e-02
-3.163348004047209644e-02
-1.000523158662115775e-01
1.186048463520482654e-01
6.354838731205006419e-02
-2.134826567388846408e-02
9.126523807719154682e-03
-5.304506082281295470e-02
-4.090806009038980284e-02
-2.220025110663755366e-02
-6.987773148057405126e-02
-2.850937295915393146e-02
-8.724725647996568745e-02
2.473622583073445749e-02
-1.265339201618883615e-02
1.867434586559681142e-02
3.124918381377037382e-02
7.330830294615035825e-02
-1.596840739029310383e-02
4.781374026513061232e-02
